              precision    recall  f1-score   support

 BFS-EQ-16-0       0.10      0.35      0.15      1266
 DFS-ES-16-0       0.04      0.91      0.07      1737
 BFS-EQ-64-0       0.52      0.13      0.21     23928
  DFS-LL-0-0       0.00      0.84      0.01       161
DFS-ES-256-0       0.31      0.09      0.14      6723
 DFS-ES-64-0       0.35      0.07      0.12      8404
BFS-EQ-256-0       0.49      0.30      0.37     16016
  BFS-AD-0-0       0.85      0.34      0.48    116544
  BFS-LL-0-0       0.07      0.60      0.12      3149
  DFS-AD-0-0       0.03      0.10      0.05       498

    accuracy                           0.29    178426
   macro avg       0.28      0.37      0.17    178426
weighted avg       0.70      0.29      0.39    178426
