              precision    recall  f1-score   support

 BFS-EQ-16-0       0.08      0.29      0.13      1266
 DFS-ES-16-0       0.04      0.91      0.07      1738
 BFS-EQ-64-0       0.34      0.03      0.06     23926
  DFS-LL-0-0       0.00      0.84      0.01       161
DFS-ES-256-0       0.34      0.03      0.06      6723
 DFS-ES-64-0       0.40      0.02      0.03      8404
BFS-EQ-256-0       0.23      0.21      0.22     16016
  BFS-AD-0-0       0.79      0.23      0.35    116542
  BFS-LL-0-0       0.04      0.58      0.08      3149
  DFS-AD-0-0       0.03      0.10      0.05       498

    accuracy                           0.20    178423
   macro avg       0.23      0.32      0.11    178423
weighted avg       0.62      0.20      0.27    178423
