              precision    recall  f1-score   support

 BFS-EQ-16-0       0.60      0.00      0.00      1266
 DFS-ES-16-0       0.00      0.00      0.00      1738
 BFS-EQ-64-0       0.81      0.00      0.00     23926
  DFS-LL-0-0       0.00      0.00      0.00       161
DFS-ES-256-0       0.00      0.00      0.00      6723
 DFS-ES-64-0       0.00      0.00      0.00      8404
BFS-EQ-256-0       0.56      0.01      0.02     16016
  BFS-AD-0-0       0.65      1.00      0.79    116542
  BFS-LL-0-0       0.00      0.00      0.00      3149
  DFS-AD-0-0       0.00      0.00      0.00       498

    accuracy                           0.65    178423
   macro avg       0.26      0.10      0.08    178423
weighted avg       0.59      0.65      0.52    178423
