              precision    recall  f1-score   support

 BFS-EQ-16-0       0.08      0.29      0.13      1130
 DFS-ES-16-0       0.04      0.92      0.07      1693
 BFS-EQ-64-0       0.48      0.19      0.27     23758
  DFS-LL-0-0       0.00      0.84      0.01       150
DFS-ES-256-0       0.36      0.11      0.17      6667
 DFS-ES-64-0       0.40      0.09      0.15      8347
BFS-EQ-256-0       0.62      0.33      0.43     15844
  BFS-AD-0-0       0.86      0.40      0.55    116290
  BFS-LL-0-0       0.08      0.62      0.15      3042
  DFS-AD-0-0       0.04      0.09      0.05       478

    accuracy                           0.35    177399
   macro avg       0.30      0.39      0.20    177399
weighted avg       0.72      0.35      0.45    177399
