              precision    recall  f1-score   support

 BFS-EQ-16-0       0.08      0.34      0.14      1266
 DFS-ES-16-0       0.04      0.91      0.07      1738
 BFS-EQ-64-0       0.37      0.07      0.11     23926
  DFS-LL-0-0       0.00      0.84      0.01       161
DFS-ES-256-0       0.30      0.06      0.10      6723
 DFS-ES-64-0       0.41      0.04      0.07      8404
BFS-EQ-256-0       0.29      0.25      0.27     16016
  BFS-AD-0-0       0.80      0.27      0.40    116542
  BFS-LL-0-0       0.05      0.58      0.10      3149
  DFS-AD-0-0       0.03      0.10      0.05       498

    accuracy                           0.23    178423
   macro avg       0.24      0.35      0.13    178423
weighted avg       0.63      0.23      0.31    178423
