              precision    recall  f1-score   support

 BFS-EQ-16-0       0.06      0.25      0.10      1126
 DFS-ES-16-0       0.04      0.92      0.07      1693
 BFS-EQ-64-0       0.37      0.05      0.10     23759
  DFS-LL-0-0       0.00      0.86      0.01       154
DFS-ES-256-0       0.24      0.05      0.08      6669
 DFS-ES-64-0       0.32      0.03      0.05      8352
BFS-EQ-256-0       0.26      0.24      0.25     15846
  BFS-AD-0-0       0.79      0.23      0.35    116302
  BFS-LL-0-0       0.05      0.59      0.09      3047
  DFS-AD-0-0       0.02      0.09      0.03       476

    accuracy                           0.20    177424
   macro avg       0.21      0.33      0.11    177424
weighted avg       0.61      0.20      0.28    177424
