              precision    recall  f1-score   support

 BFS-EQ-16-0       0.02      0.56      0.04      1126
 DFS-ES-16-0       0.04      0.91      0.07      1693
 BFS-EQ-64-0       0.55      0.00      0.00     23759
  DFS-LL-0-0       0.10      0.05      0.06       154
DFS-ES-256-0       0.62      0.00      0.00      6669
 DFS-ES-64-0       0.67      0.00      0.00      8352
BFS-EQ-256-0       0.14      0.36      0.20     15846
  BFS-AD-0-0       0.76      0.42      0.54    116302
  BFS-LL-0-0       0.26      0.01      0.02      3047
  DFS-AD-0-0       0.06      0.02      0.03       476

    accuracy                           0.32    177424
   macro avg       0.32      0.23      0.10    177424
weighted avg       0.64      0.32      0.37    177424
