              precision    recall  f1-score   support

 BFS-EQ-16-0       0.06      0.20      0.09      1126
 DFS-ES-16-0       0.04      0.92      0.07      1693
 BFS-EQ-64-0       0.33      0.03      0.05     23759
  DFS-LL-0-0       0.00      0.87      0.01       154
DFS-ES-256-0       0.28      0.03      0.05      6669
 DFS-ES-64-0       0.36      0.01      0.02      8352
BFS-EQ-256-0       0.23      0.19      0.21     15846
  BFS-AD-0-0       0.78      0.19      0.30    116302
  BFS-LL-0-0       0.04      0.60      0.08      3047
  DFS-AD-0-0       0.03      0.08      0.05       476

    accuracy                           0.17    177424
   macro avg       0.21      0.31      0.09    177424
weighted avg       0.60      0.17      0.23    177424
