              precision    recall  f1-score   support

 BFS-EQ-16-0       0.09      0.34      0.15      1266
 DFS-ES-16-0       0.04      0.91      0.07      1738
 BFS-EQ-64-0       0.50      0.13      0.20     23926
  DFS-LL-0-0       0.00      0.84      0.01       161
DFS-ES-256-0       0.30      0.09      0.14      6723
 DFS-ES-64-0       0.34      0.07      0.11      8404
BFS-EQ-256-0       0.46      0.30      0.36     16016
  BFS-AD-0-0       0.84      0.33      0.47    116542
  BFS-LL-0-0       0.07      0.60      0.12      3149
  DFS-AD-0-0       0.03      0.10      0.05       498

    accuracy                           0.29    178423
   macro avg       0.27      0.37      0.17    178423
weighted avg       0.69      0.29      0.38    178423
