              precision    recall  f1-score   support

 BFS-EQ-16-0       0.57      0.09      0.15      1266
 DFS-ES-16-0       0.53      0.01      0.02      1738
 BFS-EQ-64-0       0.85      0.02      0.05     23926
  DFS-LL-0-0       0.91      0.06      0.12       161
DFS-ES-256-0       0.97      0.01      0.02      6723
 DFS-ES-64-0       0.52      0.01      0.03      8404
BFS-EQ-256-0       0.79      0.06      0.11     16016
  BFS-AD-0-0       0.66      1.00      0.80    116542
  BFS-LL-0-0       0.92      0.05      0.09      3149
  DFS-AD-0-0       0.88      0.01      0.03       498

    accuracy                           0.66    178423
   macro avg       0.76      0.13      0.14    178423
weighted avg       0.71      0.66      0.54    178423
