              precision    recall  f1-score   support

 BFS-EQ-16-0       0.00      0.00      0.00      1126
 DFS-ES-16-0       0.00      0.00      0.00      1693
 BFS-EQ-64-0       0.83      0.00      0.00     23759
  DFS-LL-0-0       0.00      0.00      0.00       154
DFS-ES-256-0       0.00      0.00      0.00      6669
 DFS-ES-64-0       0.00      0.00      0.00      8352
BFS-EQ-256-0       0.58      0.01      0.02     15846
  BFS-AD-0-0       0.66      1.00      0.79    116302
  BFS-LL-0-0       0.00      0.00      0.00      3047
  DFS-AD-0-0       0.00      0.00      0.00       476

    accuracy                           0.66    177424
   macro avg       0.21      0.10      0.08    177424
weighted avg       0.59      0.66      0.52    177424
