              precision    recall  f1-score   support

 BFS-EQ-16-0       0.67      0.35      0.46 17842.60000000005
 DFS-ES-16-0       0.24      0.91      0.39 17842.600000000315
 BFS-EQ-64-0       0.70      0.13      0.23 17842.600000002978
  DFS-LL-0-0       0.35      0.84      0.49   17842.6
DFS-ES-256-0       0.76      0.09      0.16 17842.600000000173
 DFS-ES-64-0       0.76      0.07      0.13 17842.599999999005
BFS-EQ-256-0       0.76      0.30      0.43 17842.600000003844
  BFS-AD-0-0       0.32      0.34      0.33 17842.600000032082
  BFS-LL-0-0       0.45      0.60      0.52 17842.600000000493
  DFS-AD-0-0       0.66      0.10      0.17 17842.60000000019

    accuracy                           0.37 178426.00000003914
   macro avg       0.57      0.37      0.33 178426.00000003914
weighted avg       0.57      0.37      0.33 178426.00000003914
