              precision    recall  f1-score   support

 BFS-EQ-16-0       0.60      0.03      0.06      1266
 DFS-ES-16-0       1.00      0.00      0.01      1738
 BFS-EQ-64-0       0.79      0.01      0.02     23926
  DFS-LL-0-0       1.00      0.02      0.05       161
DFS-ES-256-0       0.97      0.00      0.01      6723
 DFS-ES-64-0       0.32      0.01      0.01      8404
BFS-EQ-256-0       0.75      0.03      0.06     16016
  BFS-AD-0-0       0.66      1.00      0.79    116542
  BFS-LL-0-0       0.96      0.01      0.03      3149
  DFS-AD-0-0       0.67      0.00      0.01       498

    accuracy                           0.66    178423
   macro avg       0.77      0.11      0.10    178423
weighted avg       0.69      0.66      0.53    178423
