              precision    recall  f1-score   support

 BFS-EQ-16-0       0.03      0.75      0.06      1266
 DFS-ES-16-0       0.04      0.92      0.07      1738
 BFS-EQ-64-0       0.47      0.07      0.13     23926
  DFS-LL-0-0       0.05      0.23      0.08       161
DFS-ES-256-0       0.46      0.06      0.11      6723
 DFS-ES-64-0       0.53      0.04      0.08      8404
BFS-EQ-256-0       0.21      0.36      0.26     16016
  BFS-AD-0-0       0.78      0.42      0.55    116542
  BFS-LL-0-0       0.17      0.34      0.23      3149
  DFS-AD-0-0       0.07      0.08      0.08       498

    accuracy                           0.34    178423
   macro avg       0.28      0.33      0.16    178423
weighted avg       0.64      0.34      0.41    178423
