              precision    recall  f1-score   support

 BFS-EQ-16-0       0.03      0.60      0.05      1266
 DFS-ES-16-0       0.04      0.90      0.07      1738
 BFS-EQ-64-0       0.25      0.00      0.00     23926
  DFS-LL-0-0       0.11      0.06      0.07       161
DFS-ES-256-0       0.75      0.00      0.00      6723
 DFS-ES-64-0       0.50      0.00      0.00      8404
BFS-EQ-256-0       0.14      0.37      0.21     16016
  BFS-AD-0-0       0.76      0.41      0.53    116542
  BFS-LL-0-0       0.22      0.01      0.02      3149
  DFS-AD-0-0       0.16      0.02      0.03       498

    accuracy                           0.32    178423
   macro avg       0.30      0.24      0.10    178423
weighted avg       0.60      0.32      0.37    178423
