              precision    recall  f1-score   support

 BFS-EQ-16-0       0.96      0.05      0.09      1126
 DFS-ES-16-0       1.00      0.00      0.01      1693
 BFS-EQ-64-0       0.88      0.02      0.04     23759
  DFS-LL-0-0       0.88      0.05      0.09       154
DFS-ES-256-0       0.93      0.01      0.02      6669
 DFS-ES-64-0       0.91      0.01      0.01      8352
BFS-EQ-256-0       0.87      0.04      0.09     15846
  BFS-AD-0-0       0.66      1.00      0.80    116302
  BFS-LL-0-0       0.92      0.03      0.06      3047
  DFS-AD-0-0       1.00      0.00      0.00       476

    accuracy                           0.66    177424
   macro avg       0.90      0.12      0.12    177424
weighted avg       0.74      0.66      0.54    177424
